First Vector
3
1 2 3 
Second Vector
3
3 2 1 
Their sum
3
4 4 4 
Their difference
3
-2 0 2 
First Matrix
3 3
1.00 2.00 3.00 
3.00 4.00 1.00 
2.00 3.00 5.00 

Second Matrix
3 3
2.00 5.00 6.00 
2.00 3.00 4.00 
1.00 5.00 4.00 

Their Sum
3 3
3.00 7.00 9.00 
5.00 7.00 5.00 
3.00 8.00 9.00 

Their Difference
3 3
-1.00 -3.00 -3.00 
1.00 1.00 -3.00 
1.00 -2.00 1.00 

Their product
3 3
9.00 26.00 26.00 
15.00 32.00 38.00 
15.00 44.00 44.00 

v1*m1 and m1*v1
3
14.00 14.00 23.00 
3
14.00 14.00 23.00 
v2*m1 and m1*v2
3
10.00 18.00 17.00 
3
10.00 18.00 17.00 
v1*m2 and m2*v1
3
30.00 20.00 23.00 
3
30.00 20.00 23.00 
v2*m2 and m2*v2
3
22.00 16.00 17.00 
3
22.00 16.00 17.00 
